frame_size = [ 270, 270,]
window_position = [ 1375, 50,]
zoom_percent = 27018.831447912235
zoom_x = 74.71343218219499
zoom_y = 0.0
guide_window_position = [ 0, 0,]
guide_window_size = [ 540, 960,]
