frame_size = [ 730, 730,]
window_position = [ 925, 50,]
zoom_percent = 119287.49346336476
zoom_x = 562.9931599439399
zoom_y = 225.0
guide_window_position = [ 0, 0,]
guide_window_size = [ 540, 960,]
