frame_size = [ 284, 284,]
window_position = [ 1207, 173,]
zoom_percent = 24876.679210781353
zoom_x = 3.065179039269424
zoom_y = 0.9218415594926483
guide_window_position = [ 0, 0,]
guide_window_size = [ 540, 960,]
